20200920999,20200920999
20200920998,20200920998
20200920997,20200920997
20200920996,20200920996
20200920995,20200920995
20200920994,20200920994
20200920993,20200920993
20200920992,20200920992
20200920991,20200920991
20200920990,20200920990
20200920989,20200920989
20200920988,20200920988
20200920987,20200920987
20200920986,20200920986
20200920985,20200920985
20200920984,20200920984
20200920983,20200920983
20200920982,20200920982
20200920981,20200920981
20200920980,20200920980
20200920979,20200920979
20200920978,20200920978
20200920977,20200920977
20200920976,20200920976
20200920975,20200920975
20200920974,20200920974
20200920973,20200920973
20200920972,20200920972
20200920971,20200920971
20200920970,20200920970
20200920969,20200920969
20200920968,20200920968
20200920967,20200920967
20200920966,20200920966
20200920965,20200920965
20200920964,20200920964
20200920963,20200920963
20200920962,20200920962
20200920961,20200920961
20200920960,20200920960
20200920959,20200920959
20200920958,20200920958
20200920957,20200920957
20200920956,20200920956
20200920955,20200920955
20200920954,20200920954
20200920953,20200920953
20200920952,20200920952
20200920951,20200920951
20200920950,20200920950
20200920949,20200920949
20200920948,20200920948
20200920947,20200920947
20200920946,20200920946
20200920945,20200920945
20200920944,20200920944
20200920943,20200920943
20200920942,20200920942
20200920941,20200920941
20200920940,20200920940
20200920939,20200920939
20200920938,20200920938
20200920937,20200920937
20200920936,20200920936
20200920935,20200920935
20200920934,20200920934
20200920933,20200920933
20200920932,20200920932
20200920931,20200920931
20200920930,20200920930
20200920929,20200920929
20200920928,20200920928
20200920927,20200920927
20200920926,20200920926
20200920925,20200920925
20200920924,20200920924
20200920923,20200920923
20200920922,20200920922
20200920921,20200920921
20200920920,20200920920
20200920919,20200920919
20200920918,20200920918
20200920917,20200920917
20200920916,20200920916
20200920915,20200920915
20200920914,20200920914
20200920913,20200920913
20200920912,20200920912
20200920911,20200920911
20200920910,20200920910
20200920909,20200920909
20200920908,20200920908
20200920907,20200920907
20200920906,20200920906
20200920905,20200920905
20200920904,20200920904
20200920903,20200920903
20200920902,20200920902
20200920901,20200920901
20200920900,20200920900
20200920899,20200920899
20200920898,20200920898
20200920897,20200920897
20200920896,20200920896
20200920895,20200920895
20200920894,20200920894
20200920893,20200920893
20200920892,20200920892
20200920891,20200920891
20200920890,20200920890
20200920889,20200920889
20200920888,20200920888
20200920887,20200920887
20200920886,20200920886
20200920885,20200920885
20200920884,20200920884
20200920883,20200920883
20200920882,20200920882
20200920881,20200920881
20200920880,20200920880
20200920879,20200920879
20200920878,20200920878
20200920877,20200920877
20200920876,20200920876
20200920875,20200920875
20200920874,20200920874
20200920873,20200920873
20200920872,20200920872
20200920871,20200920871
20200920870,20200920870
20200920869,20200920869
20200920868,20200920868
20200920867,20200920867
20200920866,20200920866
20200920865,20200920865
20200920864,20200920864
20200920863,20200920863
20200920862,20200920862
20200920861,20200920861
20200920860,20200920860
20200920859,20200920859
20200920858,20200920858
20200920857,20200920857
20200920856,20200920856
20200920855,20200920855
20200920854,20200920854
20200920853,20200920853
20200920852,20200920852
20200920851,20200920851
20200920850,20200920850
20200920849,20200920849
20200920848,20200920848
20200920847,20200920847
20200920846,20200920846
20200920845,20200920845
20200920844,20200920844
20200920843,20200920843
20200920842,20200920842
20200920841,20200920841
20200920840,20200920840
20200920839,20200920839
20200920838,20200920838
20200920837,20200920837
20200920836,20200920836
20200920835,20200920835
20200920834,20200920834
20200920833,20200920833
20200920832,20200920832
20200920831,20200920831
20200920830,20200920830
20200920829,20200920829
20200920828,20200920828
20200920827,20200920827
20200920826,20200920826
20200920825,20200920825
20200920824,20200920824
20200920823,20200920823
20200920822,20200920822
20200920821,20200920821
20200920820,20200920820
20200920819,20200920819
20200920818,20200920818
20200920817,20200920817
20200920816,20200920816
20200920815,20200920815
20200920814,20200920814
20200920813,20200920813
20200920812,20200920812
20200920811,20200920811
20200920810,20200920810
20200920809,20200920809
20200920808,20200920808
20200920807,20200920807
20200920806,20200920806
20200920805,20200920805
20200920804,20200920804
20200920803,20200920803
20200920802,20200920802
20200920801,20200920801
20200920800,20200920800
20200920799,20200920799
20200920798,20200920798
20200920797,20200920797
20200920796,20200920796
20200920795,20200920795
20200920794,20200920794
20200920793,20200920793
20200920792,20200920792
20200920791,20200920791
20200920790,20200920790
20200920789,20200920789
20200920788,20200920788
20200920787,20200920787
20200920786,20200920786
20200920785,20200920785
20200920784,20200920784
20200920783,20200920783
20200920782,20200920782
20200920781,20200920781
20200920780,20200920780
20200920779,20200920779
20200920778,20200920778
20200920777,20200920777
20200920776,20200920776
20200920775,20200920775
20200920774,20200920774
20200920773,20200920773
20200920772,20200920772
20200920771,20200920771
20200920770,20200920770
20200920769,20200920769
20200920768,20200920768
20200920767,20200920767
20200920766,20200920766
20200920765,20200920765
20200920764,20200920764
20200920763,20200920763
20200920762,20200920762
20200920761,20200920761
20200920760,20200920760
20200920759,20200920759
20200920758,20200920758
20200920757,20200920757
20200920756,20200920756
20200920755,20200920755
20200920754,20200920754
20200920753,20200920753
20200920752,20200920752
20200920751,20200920751
20200920750,20200920750
20200920749,20200920749
20200920748,20200920748
20200920747,20200920747
20200920746,20200920746
20200920745,20200920745
20200920744,20200920744
20200920743,20200920743
20200920742,20200920742
20200920741,20200920741
20200920740,20200920740
20200920739,20200920739
20200920738,20200920738
20200920737,20200920737
20200920736,20200920736
20200920735,20200920735
20200920734,20200920734
20200920733,20200920733
20200920732,20200920732
20200920731,20200920731
20200920730,20200920730
20200920729,20200920729
20200920728,20200920728
20200920727,20200920727
20200920726,20200920726
20200920725,20200920725
20200920724,20200920724
20200920723,20200920723
20200920722,20200920722
20200920721,20200920721
20200920720,20200920720
20200920719,20200920719
20200920718,20200920718
20200920717,20200920717
20200920716,20200920716
20200920715,20200920715
20200920714,20200920714
20200920713,20200920713
20200920712,20200920712
20200920711,20200920711
20200920710,20200920710
20200920709,20200920709
20200920708,20200920708
20200920707,20200920707
20200920706,20200920706
20200920705,20200920705
20200920704,20200920704
20200920703,20200920703
20200920702,20200920702
20200920701,20200920701
20200920700,20200920700
20200920699,20200920699
20200920698,20200920698
20200920697,20200920697
20200920696,20200920696
20200920695,20200920695
20200920694,20200920694
20200920693,20200920693
20200920692,20200920692
20200920691,20200920691
20200920690,20200920690
20200920689,20200920689
20200920688,20200920688
20200920687,20200920687
20200920686,20200920686
20200920685,20200920685
20200920684,20200920684
20200920683,20200920683
20200920682,20200920682
20200920681,20200920681
20200920680,20200920680
20200920679,20200920679
20200920678,20200920678
20200920677,20200920677
20200920676,20200920676
20200920675,20200920675
20200920674,20200920674
20200920673,20200920673
20200920672,20200920672
20200920671,20200920671
20200920670,20200920670
20200920669,20200920669
20200920668,20200920668
20200920667,20200920667
20200920666,20200920666
20200920665,20200920665
20200920664,20200920664
20200920663,20200920663
20200920662,20200920662
20200920661,20200920661
20200920660,20200920660
20200920659,20200920659
20200920658,20200920658
20200920657,20200920657
20200920656,20200920656
20200920655,20200920655
20200920654,20200920654
20200920653,20200920653
20200920652,20200920652
20200920651,20200920651
20200920650,20200920650
20200920649,20200920649
20200920648,20200920648
20200920647,20200920647
20200920646,20200920646
20200920645,20200920645
20200920644,20200920644
20200920643,20200920643
20200920642,20200920642
20200920641,20200920641
20200920640,20200920640
20200920639,20200920639
20200920638,20200920638
20200920637,20200920637
20200920636,20200920636
20200920635,20200920635
20200920634,20200920634
20200920633,20200920633
20200920632,20200920632
20200920631,20200920631
20200920630,20200920630
20200920629,20200920629
20200920628,20200920628
20200920627,20200920627
20200920626,20200920626
20200920625,20200920625
20200920624,20200920624
20200920623,20200920623
20200920622,20200920622
20200920621,20200920621
20200920620,20200920620
20200920619,20200920619
20200920618,20200920618
20200920617,20200920617
20200920616,20200920616
20200920615,20200920615
20200920614,20200920614
20200920613,20200920613
20200920612,20200920612
20200920611,20200920611
20200920610,20200920610
20200920609,20200920609
20200920608,20200920608
20200920607,20200920607
20200920606,20200920606
20200920605,20200920605
20200920604,20200920604
20200920603,20200920603
20200920602,20200920602
20200920601,20200920601
20200920600,20200920600
20200920599,20200920599
20200920598,20200920598
20200920597,20200920597
20200920596,20200920596
20200920595,20200920595
20200920594,20200920594
20200920593,20200920593
20200920592,20200920592
20200920591,20200920591
20200920590,20200920590
20200920589,20200920589
20200920588,20200920588
20200920587,20200920587
20200920586,20200920586
20200920585,20200920585
20200920584,20200920584
20200920583,20200920583
20200920582,20200920582
20200920581,20200920581
20200920580,20200920580
20200920579,20200920579
20200920578,20200920578
20200920577,20200920577
20200920576,20200920576
20200920575,20200920575
20200920574,20200920574
20200920573,20200920573
20200920572,20200920572
20200920571,20200920571
20200920570,20200920570
20200920569,20200920569
20200920568,20200920568
20200920567,20200920567
20200920566,20200920566
20200920565,20200920565
20200920564,20200920564
20200920563,20200920563
20200920562,20200920562
20200920561,20200920561
20200920560,20200920560
20200920559,20200920559
20200920558,20200920558
20200920557,20200920557
20200920556,20200920556
20200920555,20200920555
20200920554,20200920554
20200920553,20200920553
20200920552,20200920552
20200920551,20200920551
20200920550,20200920550
20200920549,20200920549
20200920548,20200920548
20200920547,20200920547
20200920546,20200920546
20200920545,20200920545
20200920544,20200920544
20200920543,20200920543
20200920542,20200920542
20200920541,20200920541
20200920540,20200920540
20200920539,20200920539
20200920538,20200920538
20200920537,20200920537
20200920536,20200920536
20200920535,20200920535
20200920534,20200920534
20200920533,20200920533
20200920532,20200920532
20200920531,20200920531
20200920530,20200920530
20200920529,20200920529
20200920528,20200920528
20200920527,20200920527
20200920526,20200920526
20200920525,20200920525
20200920524,20200920524
20200920523,20200920523
20200920522,20200920522
20200920521,20200920521
20200920520,20200920520
20200920519,20200920519
20200920518,20200920518
20200920517,20200920517
20200920516,20200920516
20200920515,20200920515
20200920514,20200920514
20200920513,20200920513
20200920512,20200920512
20200920511,20200920511
20200920510,20200920510
20200920509,20200920509
20200920508,20200920508
20200920507,20200920507
20200920506,20200920506
20200920505,20200920505
20200920504,20200920504
20200920503,20200920503
20200920502,20200920502
20200920501,20200920501
20200920500,20200920500
20200920499,20200920499
20200920498,20200920498
20200920497,20200920497
20200920496,20200920496
20200920495,20200920495
20200920494,20200920494
20200920493,20200920493
20200920492,20200920492
20200920491,20200920491
20200920490,20200920490
20200920489,20200920489
20200920488,20200920488
20200920487,20200920487
20200920486,20200920486
20200920485,20200920485
20200920484,20200920484
20200920483,20200920483
20200920482,20200920482
20200920481,20200920481
20200920480,20200920480
20200920479,20200920479
20200920478,20200920478
20200920477,20200920477
20200920476,20200920476
20200920475,20200920475
20200920474,20200920474
20200920473,20200920473
20200920472,20200920472
20200920471,20200920471
20200920470,20200920470
20200920469,20200920469
20200920468,20200920468
20200920467,20200920467
20200920466,20200920466
20200920465,20200920465
20200920464,20200920464
20200920463,20200920463
20200920462,20200920462
20200920461,20200920461
20200920460,20200920460
20200920459,20200920459
20200920458,20200920458
20200920457,20200920457
20200920456,20200920456
20200920455,20200920455
20200920454,20200920454
20200920453,20200920453
20200920452,20200920452
20200920451,20200920451
20200920450,20200920450
20200920449,20200920449
20200920448,20200920448
20200920447,20200920447
20200920446,20200920446
20200920445,20200920445
20200920444,20200920444
20200920443,20200920443
20200920442,20200920442
20200920441,20200920441
20200920440,20200920440
20200920439,20200920439
20200920438,20200920438
20200920437,20200920437
20200920436,20200920436
20200920435,20200920435
20200920434,20200920434
20200920433,20200920433
20200920432,20200920432
20200920431,20200920431
20200920430,20200920430
20200920429,20200920429
20200920428,20200920428
20200920427,20200920427
20200920426,20200920426
20200920425,20200920425
20200920424,20200920424
20200920423,20200920423
20200920422,20200920422
20200920421,20200920421
20200920420,20200920420
20200920419,20200920419
20200920418,20200920418
20200920417,20200920417
20200920416,20200920416
20200920415,20200920415
20200920414,20200920414
20200920413,20200920413
20200920412,20200920412
20200920411,20200920411
20200920410,20200920410
20200920409,20200920409
20200920408,20200920408
20200920407,20200920407
20200920406,20200920406
20200920405,20200920405
20200920404,20200920404
20200920403,20200920403
20200920402,20200920402
20200920401,20200920401
20200920400,20200920400
20200920399,20200920399
20200920398,20200920398
20200920397,20200920397
20200920396,20200920396
20200920395,20200920395
20200920394,20200920394
20200920393,20200920393
20200920392,20200920392
20200920391,20200920391
20200920390,20200920390
20200920389,20200920389
20200920388,20200920388
20200920387,20200920387
20200920386,20200920386
20200920385,20200920385
20200920384,20200920384
20200920383,20200920383
20200920382,20200920382
20200920381,20200920381
20200920380,20200920380
20200920379,20200920379
20200920378,20200920378
20200920377,20200920377
20200920376,20200920376
20200920375,20200920375
20200920374,20200920374
20200920373,20200920373
20200920372,20200920372
20200920371,20200920371
20200920370,20200920370
20200920369,20200920369
20200920368,20200920368
20200920367,20200920367
20200920366,20200920366
20200920365,20200920365
20200920364,20200920364
20200920363,20200920363
20200920362,20200920362
20200920361,20200920361
20200920360,20200920360
20200920359,20200920359
20200920358,20200920358
20200920357,20200920357
20200920356,20200920356
20200920355,20200920355
20200920354,20200920354
20200920353,20200920353
20200920352,20200920352
20200920351,20200920351
20200920350,20200920350
20200920349,20200920349
20200920348,20200920348
20200920347,20200920347
20200920346,20200920346
20200920345,20200920345
20200920344,20200920344
20200920343,20200920343
20200920342,20200920342
20200920341,20200920341
20200920340,20200920340
20200920339,20200920339
20200920338,20200920338
20200920337,20200920337
20200920336,20200920336
20200920335,20200920335
20200920334,20200920334
20200920333,20200920333
20200920332,20200920332
20200920331,20200920331
20200920330,20200920330
20200920329,20200920329
20200920328,20200920328
20200920327,20200920327
20200920326,20200920326
20200920325,20200920325
20200920324,20200920324
20200920323,20200920323
20200920322,20200920322
20200920321,20200920321
20200920320,20200920320
20200920319,20200920319
20200920318,20200920318
20200920317,20200920317
20200920316,20200920316
20200920315,20200920315
20200920314,20200920314
20200920313,20200920313
20200920312,20200920312
20200920311,20200920311
20200920310,20200920310
20200920309,20200920309
20200920308,20200920308
20200920307,20200920307
20200920306,20200920306
20200920305,20200920305
20200920304,20200920304
20200920303,20200920303
20200920302,20200920302
20200920301,20200920301
20200920300,20200920300
20200920299,20200920299
20200920298,20200920298
20200920297,20200920297
20200920296,20200920296
20200920295,20200920295
20200920294,20200920294
20200920293,20200920293
20200920292,20200920292
20200920291,20200920291
20200920290,20200920290
20200920289,20200920289
20200920288,20200920288
20200920287,20200920287
20200920286,20200920286
20200920285,20200920285
20200920284,20200920284
20200920283,20200920283
20200920282,20200920282
20200920281,20200920281
20200920280,20200920280
20200920279,20200920279
20200920278,20200920278
20200920277,20200920277
20200920276,20200920276
20200920275,20200920275
20200920274,20200920274
20200920273,20200920273
20200920272,20200920272
20200920271,20200920271
20200920270,20200920270
20200920269,20200920269
20200920268,20200920268
20200920267,20200920267
20200920266,20200920266
20200920265,20200920265
20200920264,20200920264
20200920263,20200920263
20200920262,20200920262
20200920261,20200920261
20200920260,20200920260
20200920259,20200920259
20200920258,20200920258
20200920257,20200920257
20200920256,20200920256
20200920255,20200920255
20200920254,20200920254
20200920253,20200920253
20200920252,20200920252
20200920251,20200920251
20200920250,20200920250
20200920249,20200920249
20200920248,20200920248
20200920247,20200920247
20200920246,20200920246
20200920245,20200920245
20200920244,20200920244
20200920243,20200920243
20200920242,20200920242
20200920241,20200920241
20200920240,20200920240
20200920239,20200920239
20200920238,20200920238
20200920237,20200920237
20200920236,20200920236
20200920235,20200920235
20200920234,20200920234
20200920233,20200920233
20200920232,20200920232
20200920231,20200920231
20200920230,20200920230
20200920229,20200920229
20200920228,20200920228
20200920227,20200920227
20200920226,20200920226
20200920225,20200920225
20200920224,20200920224
20200920223,20200920223
20200920222,20200920222
20200920221,20200920221
20200920220,20200920220
20200920219,20200920219
20200920218,20200920218
20200920217,20200920217
20200920216,20200920216
20200920215,20200920215
20200920214,20200920214
20200920213,20200920213
20200920212,20200920212
20200920211,20200920211
20200920210,20200920210
20200920209,20200920209
20200920208,20200920208
20200920207,20200920207
20200920206,20200920206
20200920205,20200920205
20200920204,20200920204
20200920203,20200920203
20200920202,20200920202
20200920201,20200920201
20200920200,20200920200
20200920199,20200920199
20200920198,20200920198
20200920197,20200920197
20200920196,20200920196
20200920195,20200920195
20200920194,20200920194
20200920193,20200920193
20200920192,20200920192
20200920191,20200920191
20200920190,20200920190
20200920189,20200920189
20200920188,20200920188
20200920187,20200920187
20200920186,20200920186
20200920185,20200920185
20200920184,20200920184
20200920183,20200920183
20200920182,20200920182
20200920181,20200920181
20200920180,20200920180
20200920179,20200920179
20200920178,20200920178
20200920177,20200920177
20200920176,20200920176
20200920175,20200920175
20200920174,20200920174
20200920173,20200920173
20200920172,20200920172
20200920171,20200920171
20200920170,20200920170
20200920169,20200920169
20200920168,20200920168
20200920167,20200920167
20200920166,20200920166
20200920165,20200920165
20200920164,20200920164
20200920163,20200920163
20200920162,20200920162
20200920161,20200920161
20200920160,20200920160
20200920159,20200920159
20200920158,20200920158
20200920157,20200920157
20200920156,20200920156
20200920155,20200920155
20200920154,20200920154
20200920153,20200920153
20200920152,20200920152
20200920151,20200920151
20200920150,20200920150
20200920149,20200920149
20200920148,20200920148
20200920147,20200920147
20200920146,20200920146
20200920145,20200920145
20200920144,20200920144
20200920143,20200920143
20200920142,20200920142
20200920141,20200920141
20200920140,20200920140
20200920139,20200920139
20200920138,20200920138
20200920137,20200920137
20200920136,20200920136
20200920135,20200920135
20200920134,20200920134
20200920133,20200920133
20200920132,20200920132
20200920131,20200920131
20200920130,20200920130
20200920129,20200920129
20200920128,20200920128
20200920127,20200920127
20200920126,20200920126
20200920125,20200920125
20200920124,20200920124
20200920123,20200920123
20200920122,20200920122
20200920121,20200920121
20200920120,20200920120
20200920119,20200920119
20200920118,20200920118
20200920117,20200920117
20200920116,20200920116
20200920115,20200920115
20200920114,20200920114
20200920113,20200920113
20200920112,20200920112
20200920111,20200920111
20200920110,20200920110
20200920109,20200920109
20200920108,20200920108
20200920107,20200920107
20200920106,20200920106
20200920105,20200920105
20200920104,20200920104
20200920103,20200920103
20200920102,20200920102
20200920101,20200920101
20200920100,20200920100
20200920099,20200920099
20200920098,20200920098
20200920097,20200920097
20200920096,20200920096
20200920095,20200920095
20200920094,20200920094
20200920093,20200920093
20200920092,20200920092
20200920091,20200920091
20200920090,20200920090
20200920089,20200920089
20200920088,20200920088
20200920087,20200920087
20200920086,20200920086
20200920085,20200920085
20200920084,20200920084
20200920083,20200920083
20200920082,20200920082
20200920081,20200920081
20200920080,20200920080
20200920079,20200920079
20200920078,20200920078
20200920077,20200920077
20200920076,20200920076
20200920075,20200920075
20200920074,20200920074
20200920073,20200920073
20200920072,20200920072
20200920071,20200920071
20200920070,20200920070
20200920069,20200920069
20200920068,20200920068
20200920067,20200920067
20200920066,20200920066
20200920065,20200920065
20200920064,20200920064
20200920063,20200920063
20200920062,20200920062
20200920061,20200920061
20200920060,20200920060
20200920059,20200920059
20200920058,20200920058
20200920057,20200920057
20200920056,20200920056
20200920055,20200920055
20200920054,20200920054
20200920053,20200920053
20200920052,20200920052
20200920051,20200920051
20200920050,20200920050
20200920049,20200920049
20200920048,20200920048
20200920047,20200920047
20200920046,20200920046
20200920045,20200920045
20200920044,20200920044
20200920043,20200920043
20200920042,20200920042
20200920041,20200920041
20200920040,20200920040
20200920039,20200920039
20200920038,20200920038
20200920037,20200920037
20200920036,20200920036
20200920035,20200920035
20200920034,20200920034
20200920033,20200920033
20200920032,20200920032
20200920031,20200920031
20200920030,20200920030
20200920029,20200920029
20200920028,20200920028
20200920027,20200920027
20200920026,20200920026
20200920025,20200920025
20200920024,20200920024
20200920023,20200920023
20200920022,20200920022
20200920021,20200920021
20200920020,20200920020
20200920019,20200920019
20200920018,20200920018
20200920017,20200920017
20200920016,20200920016
20200920015,20200920015
20200920014,20200920014
20200920013,20200920013
20200920012,20200920012
20200920011,20200920011
20200920010,20200920010
20200919999,20200919999
20200919998,20200919998
20200919997,20200919997
20200919996,20200919996
20200919995,20200919995
20200919994,20200919994
20200919993,20200919993
20200919992,20200919992
20200919991,20200919991
20200919990,20200919990
20200919989,20200919989
20200919988,20200919988
20200919987,20200919987
20200919986,20200919986
20200919985,20200919985
20200919984,20200919984
20200919983,20200919983
20200919982,20200919982
20200919981,20200919981
20200919980,20200919980
20200919979,20200919979
20200919978,20200919978
20200919977,20200919977
20200919976,20200919976
20200919975,20200919975
20200919974,20200919974
20200919973,20200919973
20200919972,20200919972
20200919971,20200919971
20200919970,20200919970
20200919969,20200919969
20200919968,20200919968
20200919967,20200919967
20200919966,20200919966
20200919965,20200919965
20200919964,20200919964
20200919963,20200919963
20200919962,20200919962
20200919961,20200919961
20200919960,20200919960
20200919959,20200919959
20200919958,20200919958
20200919957,20200919957
20200919956,20200919956
20200919955,20200919955
20200919954,20200919954
20200919953,20200919953
20200919952,20200919952
20200919951,20200919951
20200919950,20200919950
20200919949,20200919949
20200919948,20200919948
20200919947,20200919947
20200919946,20200919946
20200919945,20200919945
20200919944,20200919944
20200919943,20200919943
20200919942,20200919942
20200919941,20200919941
20200919940,20200919940
20200919939,20200919939
20200919938,20200919938
20200919937,20200919937
20200919936,20200919936
20200919935,20200919935
20200919934,20200919934
20200919933,20200919933
20200919932,20200919932
20200919931,20200919931
20200919930,20200919930
20200919929,20200919929
20200919928,20200919928
20200919927,20200919927
20200919926,20200919926
20200919925,20200919925
20200919924,20200919924
20200919923,20200919923
20200919922,20200919922
20200919921,20200919921
20200919920,20200919920
20200919919,20200919919
20200919918,20200919918
20200919917,20200919917
20200919916,20200919916
20200919915,20200919915
20200919914,20200919914
20200919913,20200919913
20200919912,20200919912
20200919911,20200919911
20200919910,20200919910
20200919909,20200919909
20200919908,20200919908
20200919907,20200919907
20200919906,20200919906
20200919905,20200919905
20200919904,20200919904
20200919903,20200919903
20200919902,20200919902
20200919901,20200919901
20200919900,20200919900
20200919899,20200919899
20200919898,20200919898
20200919897,20200919897
20200919896,20200919896
20200919895,20200919895
20200919894,20200919894
20200919893,20200919893
20200919892,20200919892
20200919891,20200919891
20200919890,20200919890
20200919889,20200919889
20200919888,20200919888
20200919887,20200919887
20200919886,20200919886
20200919885,20200919885
20200919884,20200919884
20200919883,20200919883
20200919882,20200919882
20200919881,20200919881
20200919880,20200919880
20200919879,20200919879
20200919878,20200919878
20200919877,20200919877
20200919876,20200919876
20200919875,20200919875
20200919874,20200919874
20200919873,20200919873
20200919872,20200919872
20200919871,20200919871
20200919870,20200919870
20200919869,20200919869
20200919868,20200919868
20200919867,20200919867
20200919866,20200919866
20200919865,20200919865
20200919864,20200919864
20200919863,20200919863
20200919862,20200919862
20200919861,20200919861
20200919860,20200919860
20200919859,20200919859
20200919858,20200919858
20200919857,20200919857
20200919856,20200919856
20200919855,20200919855
20200919854,20200919854
20200919853,20200919853
20200919852,20200919852
20200919851,20200919851
20200919850,20200919850
20200919849,20200919849
20200919848,20200919848
20200919847,20200919847
20200919846,20200919846
20200919845,20200919845
20200919844,20200919844
20200919843,20200919843
20200919842,20200919842
20200919841,20200919841
20200919840,20200919840
20200919839,20200919839
20200919838,20200919838
20200919837,20200919837
20200919836,20200919836
20200919835,20200919835
20200919834,20200919834
20200919833,20200919833
20200919832,20200919832
20200919831,20200919831
20200919830,20200919830
20200919829,20200919829
20200919828,20200919828
20200919827,20200919827
20200919826,20200919826
20200919825,20200919825
20200919824,20200919824
20200919823,20200919823
20200919822,20200919822
20200919821,20200919821
20200919820,20200919820
20200919819,20200919819
20200919818,20200919818
20200919817,20200919817
20200919816,20200919816
20200919815,20200919815
20200919814,20200919814
20200919813,20200919813
20200919812,20200919812
20200919811,20200919811
20200919810,20200919810
20200919809,20200919809
20200919808,20200919808
20200919807,20200919807
20200919806,20200919806
20200919805,20200919805
20200919804,20200919804
20200919803,20200919803
20200919802,20200919802
20200919801,20200919801
20200919800,20200919800
20200919799,20200919799
20200919798,20200919798
20200919797,20200919797
20200919796,20200919796
20200919795,20200919795
20200919794,20200919794
20200919793,20200919793
20200919792,20200919792
20200919791,20200919791
20200919790,20200919790
20200919789,20200919789
20200919788,20200919788
20200919787,20200919787
20200919786,20200919786
20200919785,20200919785
20200919784,20200919784
20200919783,20200919783
20200919782,20200919782
20200919781,20200919781
20200919780,20200919780
20200919779,20200919779
20200919778,20200919778
20200919777,20200919777
20200919776,20200919776
20200919775,20200919775
20200919774,20200919774
20200919773,20200919773
20200919772,20200919772
20200919771,20200919771
20200919770,20200919770
20200919769,20200919769
20200919768,20200919768
20200919767,20200919767
20200919766,20200919766
20200919765,20200919765
20200919764,20200919764
20200919763,20200919763
20200919762,20200919762
20200919761,20200919761
20200919760,20200919760
20200919759,20200919759
20200919758,20200919758
20200919757,20200919757
20200919756,20200919756
20200919755,20200919755
20200919754,20200919754
20200919753,20200919753
20200919752,20200919752
20200919751,20200919751
20200919750,20200919750
20200919749,20200919749
20200919748,20200919748
20200919747,20200919747
20200919746,20200919746
20200919745,20200919745
20200919744,20200919744
20200919743,20200919743
20200919742,20200919742
20200919741,20200919741
20200919740,20200919740
20200919739,20200919739
20200919738,20200919738
20200919737,20200919737
20200919736,20200919736
20200919735,20200919735
20200919734,20200919734
20200919733,20200919733
20200919732,20200919732
20200919731,20200919731
20200919730,20200919730
20200919729,20200919729
20200919728,20200919728
20200919727,20200919727
20200919726,20200919726
20200919725,20200919725
20200919724,20200919724
20200919723,20200919723
20200919722,20200919722
20200919721,20200919721
20200919720,20200919720
20200919719,20200919719
20200919718,20200919718
20200919717,20200919717
20200919716,20200919716
20200919715,20200919715
20200919714,20200919714
20200919713,20200919713
20200919712,20200919712
20200919711,20200919711
20200919710,20200919710
20200919709,20200919709
20200919708,20200919708
20200919707,20200919707
20200919706,20200919706
20200919705,20200919705
20200919704,20200919704
20200919703,20200919703
20200919702,20200919702
20200919701,20200919701
20200919700,20200919700
20200919699,20200919699
20200919698,20200919698
20200919697,20200919697
20200919696,20200919696
20200919695,20200919695
20200919694,20200919694
20200919693,20200919693
20200919692,20200919692
20200919691,20200919691
20200919690,20200919690
20200919689,20200919689
20200919688,20200919688
20200919687,20200919687
20200919686,20200919686
20200919685,20200919685
20200919684,20200919684
20200919683,20200919683
20200919682,20200919682
20200919681,20200919681
20200919680,20200919680
20200919679,20200919679
20200919678,20200919678
20200919677,20200919677
20200919676,20200919676
20200919675,20200919675
20200919674,20200919674
20200919673,20200919673
20200919672,20200919672
20200919671,20200919671
20200919670,20200919670
20200919669,20200919669
20200919668,20200919668
20200919667,20200919667
20200919666,20200919666
20200919665,20200919665
20200919664,20200919664
20200919663,20200919663
20200919662,20200919662
20200919661,20200919661
20200919660,20200919660
20200919659,20200919659
20200919658,20200919658
20200919657,20200919657
20200919656,20200919656
20200919655,20200919655
20200919654,20200919654
20200919653,20200919653
20200919652,20200919652
20200919651,20200919651
20200919650,20200919650
20200919649,20200919649
20200919648,20200919648
20200919647,20200919647
20200919646,20200919646
20200919645,20200919645
20200919644,20200919644
20200919643,20200919643
20200919642,20200919642
20200919641,20200919641
20200919640,20200919640
20200919639,20200919639
20200919638,20200919638
20200919637,20200919637
20200919636,20200919636
20200919635,20200919635
20200919634,20200919634
20200919633,20200919633
20200919632,20200919632
20200919631,20200919631
20200919630,20200919630
20200919629,20200919629
20200919628,20200919628
20200919627,20200919627
20200919626,20200919626
20200919625,20200919625
20200919624,20200919624
20200919623,20200919623
20200919622,20200919622
20200919621,20200919621
20200919620,20200919620
20200919619,20200919619
20200919618,20200919618
20200919617,20200919617
20200919616,20200919616
20200919615,20200919615
20200919614,20200919614
20200919613,20200919613
20200919612,20200919612
20200919611,20200919611
20200919610,20200919610
20200919609,20200919609
20200919608,20200919608
20200919607,20200919607
20200919606,20200919606
20200919605,20200919605
20200919604,20200919604
20200919603,20200919603
20200919602,20200919602
20200919601,20200919601
20200919600,20200919600
20200919599,20200919599
20200919598,20200919598
20200919597,20200919597
20200919596,20200919596
20200919595,20200919595
20200919594,20200919594
20200919593,20200919593
20200919592,20200919592
20200919591,20200919591
20200919590,20200919590
20200919589,20200919589
20200919588,20200919588
20200919587,20200919587
20200919586,20200919586
20200919585,20200919585
20200919584,20200919584
20200919583,20200919583
20200919582,20200919582
20200919581,20200919581
20200919580,20200919580
20200919579,20200919579
20200919578,20200919578
20200919577,20200919577
20200919576,20200919576
20200919575,20200919575
20200919574,20200919574
20200919573,20200919573
20200919572,20200919572
20200919571,20200919571
20200919570,20200919570
20200919569,20200919569
20200919568,20200919568
20200919567,20200919567
20200919566,20200919566
20200919565,20200919565
20200919564,20200919564
20200919563,20200919563
20200919562,20200919562
20200919561,20200919561
20200919560,20200919560
20200919559,20200919559
20200919558,20200919558
20200919557,20200919557
20200919556,20200919556
20200919555,20200919555
20200919554,20200919554
20200919553,20200919553
20200919552,20200919552
20200919551,20200919551
20200919550,20200919550
20200919549,20200919549
20200919548,20200919548
20200919547,20200919547
20200919546,20200919546
20200919545,20200919545
20200919544,20200919544
20200919543,20200919543
20200919542,20200919542
20200919541,20200919541
20200919540,20200919540
20200919539,20200919539
20200919538,20200919538
20200919537,20200919537
20200919536,20200919536
20200919535,20200919535
20200919534,20200919534
20200919533,20200919533
20200919532,20200919532
20200919531,20200919531
20200919530,20200919530
20200919529,20200919529
20200919528,20200919528
20200919527,20200919527
20200919526,20200919526
20200919525,20200919525
20200919524,20200919524
20200919523,20200919523
20200919522,20200919522
20200919521,20200919521
20200919520,20200919520
20200919519,20200919519
20200919518,20200919518
20200919517,20200919517
20200919516,20200919516
20200919515,20200919515
20200919514,20200919514
20200919513,20200919513
20200919512,20200919512
20200919511,20200919511
20200919510,20200919510
20200919509,20200919509
20200919508,20200919508
20200919507,20200919507
20200919506,20200919506
20200919505,20200919505
20200919504,20200919504
20200919503,20200919503
20200919502,20200919502
20200919501,20200919501
20200919500,20200919500
20200919499,20200919499
20200919498,20200919498
20200919497,20200919497
20200919496,20200919496
20200919495,20200919495
20200919494,20200919494
20200919493,20200919493
20200919492,20200919492
20200919491,20200919491
20200919490,20200919490
20200919489,20200919489
20200919488,20200919488
20200919487,20200919487
20200919486,20200919486
20200919485,20200919485
20200919484,20200919484
20200919483,20200919483
20200919482,20200919482
20200919481,20200919481
20200919480,20200919480
20200919479,20200919479
20200919478,20200919478
20200919477,20200919477
20200919476,20200919476
20200919475,20200919475
20200919474,20200919474
20200919473,20200919473
20200919472,20200919472
20200919471,20200919471
20200919470,20200919470
20200919469,20200919469
20200919468,20200919468
20200919467,20200919467
20200919466,20200919466
20200919465,20200919465
20200919464,20200919464
20200919463,20200919463
20200919462,20200919462
20200919461,20200919461
20200919460,20200919460
20200919459,20200919459
20200919458,20200919458
20200919457,20200919457
20200919456,20200919456
20200919455,20200919455
20200919454,20200919454
20200919453,20200919453
20200919452,20200919452
20200919451,20200919451
20200919450,20200919450
20200919449,20200919449
20200919448,20200919448
20200919447,20200919447
20200919446,20200919446
20200919445,20200919445
20200919444,20200919444
20200919443,20200919443
20200919442,20200919442
20200919441,20200919441
20200919440,20200919440
20200919439,20200919439
20200919438,20200919438
20200919437,20200919437
20200919436,20200919436
20200919435,20200919435
20200919434,20200919434
20200919433,20200919433
20200919432,20200919432
20200919431,20200919431
20200919430,20200919430
20200919429,20200919429
20200919428,20200919428
20200919427,20200919427
20200919426,20200919426
20200919425,20200919425
20200919424,20200919424
20200919423,20200919423
20200919422,20200919422
20200919421,20200919421
20200919420,20200919420
20200919419,20200919419
20200919418,20200919418
20200919417,20200919417
20200919416,20200919416
20200919415,20200919415
20200919414,20200919414
20200919413,20200919413
20200919412,20200919412
20200919411,20200919411
20200919410,20200919410
20200919409,20200919409
20200919408,20200919408
20200919407,20200919407
20200919406,20200919406
20200919405,20200919405
20200919404,20200919404
20200919403,20200919403
20200919402,20200919402
20200919401,20200919401
20200919400,20200919400
20200919399,20200919399
20200919398,20200919398
20200919397,20200919397
20200919396,20200919396
20200919395,20200919395
20200919394,20200919394
20200919393,20200919393
20200919392,20200919392
20200919391,20200919391
20200919390,20200919390
20200919389,20200919389
20200919388,20200919388
20200919387,20200919387
20200919386,20200919386
20200919385,20200919385
20200919384,20200919384
20200919383,20200919383
20200919382,20200919382
20200919381,20200919381
20200919380,20200919380
20200919379,20200919379
20200919378,20200919378
20200919377,20200919377
20200919376,20200919376
20200919375,20200919375
20200919374,20200919374
20200919373,20200919373
20200919372,20200919372
20200919371,20200919371
20200919370,20200919370
20200919369,20200919369
20200919368,20200919368
20200919367,20200919367
20200919366,20200919366
20200919365,20200919365
20200919364,20200919364
20200919363,20200919363
20200919362,20200919362
20200919361,20200919361
20200919360,20200919360
20200919359,20200919359
20200919358,20200919358
20200919357,20200919357
20200919356,20200919356
20200919355,20200919355
20200919354,20200919354
20200919353,20200919353
20200919352,20200919352
20200919351,20200919351
20200919350,20200919350
20200919349,20200919349
20200919348,20200919348
20200919347,20200919347
20200919346,20200919346
20200919345,20200919345
20200919344,20200919344
20200919343,20200919343
20200919342,20200919342
20200919341,20200919341
20200919340,20200919340
20200919339,20200919339
20200919338,20200919338
20200919337,20200919337
20200919336,20200919336
20200919335,20200919335
20200919334,20200919334
20200919333,20200919333
20200919332,20200919332
20200919331,20200919331
20200919330,20200919330
20200919329,20200919329
20200919328,20200919328
20200919327,20200919327
20200919326,20200919326
20200919325,20200919325
20200919324,20200919324
20200919323,20200919323
20200919322,20200919322
20200919321,20200919321
20200919320,20200919320
20200919319,20200919319
20200919318,20200919318
20200919317,20200919317
20200919316,20200919316
20200919315,20200919315
20200919314,20200919314
20200919313,20200919313
20200919312,20200919312
20200919311,20200919311
20200919310,20200919310
20200919309,20200919309
20200919308,20200919308
20200919307,20200919307
20200919306,20200919306
20200919305,20200919305
20200919304,20200919304
20200919303,20200919303
20200919302,20200919302
20200919301,20200919301
20200919300,20200919300
20200919299,20200919299
20200919298,20200919298
20200919297,20200919297
20200919296,20200919296
20200919295,20200919295
20200919294,20200919294
20200919293,20200919293
20200919292,20200919292
20200919291,20200919291
20200919290,20200919290
20200919289,20200919289
20200919288,20200919288
20200919287,20200919287
20200919286,20200919286
20200919285,20200919285
20200919284,20200919284
20200919283,20200919283
20200919282,20200919282
20200919281,20200919281
20200919280,20200919280
20200919279,20200919279
20200919278,20200919278
20200919277,20200919277
20200919276,20200919276
20200919275,20200919275
20200919274,20200919274
20200919273,20200919273
20200919272,20200919272
20200919271,20200919271
20200919270,20200919270
20200919269,20200919269
20200919268,20200919268
20200919267,20200919267
20200919266,20200919266
20200919265,20200919265
20200919264,20200919264
20200919263,20200919263
20200919262,20200919262
20200919261,20200919261
20200919260,20200919260
20200919259,20200919259
20200919258,20200919258
20200919257,20200919257
20200919256,20200919256
20200919255,20200919255
20200919254,20200919254
20200919253,20200919253
20200919252,20200919252
20200919251,20200919251
20200919250,20200919250
20200919249,20200919249
20200919248,20200919248
20200919247,20200919247
20200919246,20200919246
20200919245,20200919245
20200919244,20200919244
20200919243,20200919243
20200919242,20200919242
20200919241,20200919241
20200919240,20200919240
20200919239,20200919239
20200919238,20200919238
20200919237,20200919237
20200919236,20200919236
20200919235,20200919235
20200919234,20200919234
20200919233,20200919233
20200919232,20200919232
20200919231,20200919231
20200919230,20200919230
20200919229,20200919229
20200919228,20200919228
20200919227,20200919227
20200919226,20200919226
20200919225,20200919225
20200919224,20200919224
20200919223,20200919223
20200919222,20200919222
20200919221,20200919221
20200919220,20200919220
20200919219,20200919219
20200919218,20200919218
20200919217,20200919217
20200919216,20200919216
20200919215,20200919215
20200919214,20200919214
20200919213,20200919213
20200919212,20200919212
20200919211,20200919211
20200919210,20200919210
20200919209,20200919209
20200919208,20200919208
20200919207,20200919207
20200919206,20200919206
20200919205,20200919205
20200919204,20200919204
20200919203,20200919203
20200919202,20200919202
20200919201,20200919201
20200919200,20200919200
20200919199,20200919199
20200919198,20200919198
20200919197,20200919197
20200919196,20200919196
20200919195,20200919195
20200919194,20200919194
20200919193,20200919193
20200919192,20200919192
20200919191,20200919191
20200919190,20200919190
20200919189,20200919189
20200919188,20200919188
20200919187,20200919187
20200919186,20200919186
20200919185,20200919185
20200919184,20200919184
20200919183,20200919183
20200919182,20200919182
20200919181,20200919181
20200919180,20200919180
20200919179,20200919179
20200919178,20200919178
20200919177,20200919177
20200919176,20200919176
20200919175,20200919175
20200919174,20200919174
20200919173,20200919173
20200919172,20200919172
20200919171,20200919171
20200919170,20200919170
20200919169,20200919169
20200919168,20200919168
20200919167,20200919167
20200919166,20200919166
20200919165,20200919165
20200919164,20200919164
20200919163,20200919163
20200919162,20200919162
20200919161,20200919161
20200919160,20200919160
20200919159,20200919159
20200919158,20200919158
20200919157,20200919157
20200919156,20200919156
20200919155,20200919155
20200919154,20200919154
20200919153,20200919153
20200919152,20200919152
20200919151,20200919151
20200919150,20200919150
20200919149,20200919149
20200919148,20200919148
20200919147,20200919147
20200919146,20200919146
20200919145,20200919145
20200919144,20200919144
20200919143,20200919143
20200919142,20200919142
20200919141,20200919141
20200919140,20200919140
20200919139,20200919139
20200919138,20200919138
20200919137,20200919137
20200919136,20200919136
20200919135,20200919135
20200919134,20200919134
20200919133,20200919133
20200919132,20200919132
20200919131,20200919131
20200919130,20200919130
20200919129,20200919129
20200919128,20200919128
20200919127,20200919127
20200919126,20200919126
20200919125,20200919125
20200919124,20200919124
20200919123,20200919123
20200919122,20200919122
20200919121,20200919121
20200919120,20200919120
20200919119,20200919119
20200919118,20200919118
20200919117,20200919117
20200919116,20200919116
20200919115,20200919115
20200919114,20200919114
20200919113,20200919113
20200919112,20200919112
20200919111,20200919111
20200919110,20200919110
20200919109,20200919109
20200919108,20200919108
20200919107,20200919107
20200919106,20200919106
20200919105,20200919105
20200919104,20200919104
20200919103,20200919103
20200919102,20200919102
20200919101,20200919101
20200919100,20200919100
20200919099,20200919099
20200919098,20200919098
20200919097,20200919097
20200919096,20200919096
20200919095,20200919095
20200919094,20200919094
20200919093,20200919093
20200919092,20200919092
20200919091,20200919091
20200919090,20200919090
20200919089,20200919089
20200919088,20200919088
20200919087,20200919087
20200919086,20200919086
20200919085,20200919085
20200919084,20200919084
20200919083,20200919083
20200919082,20200919082
20200919081,20200919081
20200919080,20200919080
20200919079,20200919079
20200919078,20200919078
20200919077,20200919077
20200919076,20200919076
20200919075,20200919075
20200919074,20200919074
20200919073,20200919073
20200919072,20200919072
20200919071,20200919071
20200919070,20200919070
20200919069,20200919069
20200919068,20200919068
20200919067,20200919067
20200919066,20200919066
20200919065,20200919065
20200919064,20200919064
20200919063,20200919063
20200919062,20200919062
20200919061,20200919061
20200919060,20200919060
20200919059,20200919059
20200919058,20200919058
20200919057,20200919057
20200919056,20200919056
20200919055,20200919055
20200919054,20200919054
20200919053,20200919053
20200919052,20200919052
20200919051,20200919051
20200919050,20200919050
20200919049,20200919049
20200919048,20200919048
20200919047,20200919047
20200919046,20200919046
20200919045,20200919045
20200919044,20200919044
20200919043,20200919043
20200919042,20200919042
20200919041,20200919041
20200919040,20200919040
20200919039,20200919039
20200919038,20200919038
20200919037,20200919037
20200919036,20200919036
20200919035,20200919035
20200919034,20200919034
20200919033,20200919033
20200919032,20200919032
20200919031,20200919031
20200919030,20200919030
20200919029,20200919029
20200919028,20200919028
20200919027,20200919027
20200919026,20200919026
20200919025,20200919025
20200919024,20200919024
20200919023,20200919023
20200919022,20200919022
20200919021,20200919021
20200919020,20200919020
20200919019,20200919019
20200919018,20200919018
20200919017,20200919017
20200919016,20200919016
20200919015,20200919015
20200919014,20200919014
20200919013,20200919013
20200919012,20200919012
20200919011,20200919011
20200919010,20200919010
20200919009,20200919009
20200919008,20200919008
20200919007,20200919007
20200919006,20200919006
20200919005,20200919005
20200919004,20200919004
20200919003,20200919003
20200919002,20200919002
20200919001,20200919001
20200918999,20200918999
20200918998,20200918998
20200918997,20200918997
20200918996,20200918996
20200918995,20200918995
20200918994,20200918994
20200918993,20200918993
20200918992,20200918992
20200918991,20200918991
20200918990,20200918990
20200918989,20200918989
20200918988,20200918988
20200918987,20200918987
20200918986,20200918986
20200918985,20200918985
20200918984,20200918984
20200918983,20200918983
20200918982,20200918982
20200918981,20200918981
20200918980,20200918980
20200918979,20200918979
20200918978,20200918978
20200918977,20200918977
20200918976,20200918976
20200918975,20200918975
20200918974,20200918974
20200918973,20200918973
20200918972,20200918972
20200918971,20200918971
20200918970,20200918970
20200918969,20200918969
20200918968,20200918968
20200918967,20200918967
20200918966,20200918966
20200918965,20200918965
20200918964,20200918964
20200918963,20200918963
20200918962,20200918962
20200918961,20200918961
20200918960,20200918960
20200918959,20200918959
20200918958,20200918958
20200918957,20200918957
20200918956,20200918956
20200918955,20200918955
20200918954,20200918954
20200918953,20200918953
20200918952,20200918952
20200918951,20200918951
20200918950,20200918950
20200918949,20200918949
20200918948,20200918948
20200918947,20200918947
20200918946,20200918946
20200918945,20200918945
20200918944,20200918944
20200918943,20200918943
20200918942,20200918942
20200918941,20200918941
20200918940,20200918940
20200918939,20200918939
20200918938,20200918938
20200918937,20200918937
20200918936,20200918936
20200918935,20200918935
20200918934,20200918934
20200918933,20200918933
20200918932,20200918932
20200918931,20200918931
20200918930,20200918930
20200918929,20200918929
20200918928,20200918928
20200918927,20200918927
20200918926,20200918926
20200918925,20200918925
20200918924,20200918924
20200918923,20200918923
20200918922,20200918922
20200918921,20200918921
20200918920,20200918920
20200918919,20200918919
20200918918,20200918918
20200918917,20200918917
20200918916,20200918916
20200918915,20200918915
20200918914,20200918914
20200918913,20200918913
20200918912,20200918912
20200918911,20200918911
20200918910,20200918910
20200918909,20200918909
20200918908,20200918908
20200918907,20200918907
20200918906,20200918906
20200918905,20200918905
20200918904,20200918904
20200918903,20200918903
20200918902,20200918902
20200918901,20200918901
20200918900,20200918900
20200918899,20200918899
20200918898,20200918898
20200918897,20200918897
20200918896,20200918896
20200918895,20200918895
20200918894,20200918894
20200918893,20200918893
20200918892,20200918892
20200918891,20200918891
20200918890,20200918890
20200918889,20200918889
20200918888,20200918888
20200918887,20200918887
20200918886,20200918886
20200918885,20200918885
20200918884,20200918884
20200918883,20200918883
20200918882,20200918882
20200918881,20200918881
20200918880,20200918880
20200918879,20200918879
20200918878,20200918878
20200918877,20200918877
20200918876,20200918876
20200918875,20200918875
20200918874,20200918874
20200918873,20200918873
20200918872,20200918872
20200918871,20200918871
20200918870,20200918870
20200918869,20200918869
20200918868,20200918868
20200918867,20200918867
20200918866,20200918866
20200918865,20200918865
20200918864,20200918864
20200918863,20200918863
20200918862,20200918862
20200918861,20200918861
20200918860,20200918860
20200918859,20200918859
20200918858,20200918858
20200918857,20200918857
20200918856,20200918856
20200918855,20200918855
20200918854,20200918854
20200918853,20200918853
20200918852,20200918852
20200918851,20200918851
20200918850,20200918850
20200918849,20200918849
20200918848,20200918848
20200918847,20200918847
20200918846,20200918846
20200918845,20200918845
20200918844,20200918844
20200918843,20200918843
20200918842,20200918842
20200918841,20200918841
20200918840,20200918840
20200918839,20200918839
20200918838,20200918838
20200918837,20200918837
20200918836,20200918836
20200918835,20200918835
20200918834,20200918834
20200918833,20200918833
20200918832,20200918832
20200918831,20200918831
20200918830,20200918830
20200918829,20200918829
20200918828,20200918828
20200918827,20200918827
20200918826,20200918826
20200918825,20200918825
20200918824,20200918824
20200918823,20200918823
20200918822,20200918822
20200918821,20200918821
20200918820,20200918820
20200918819,20200918819
20200918818,20200918818
20200918817,20200918817
20200918816,20200918816
20200918815,20200918815
20200918814,20200918814
20200918813,20200918813
20200918812,20200918812
20200918811,20200918811
20200918810,20200918810
20200918809,20200918809
20200918808,20200918808
20200918807,20200918807
20200918806,20200918806
20200918805,20200918805
20200918804,20200918804
20200918803,20200918803
20200918802,20200918802
20200918801,20200918801
20200918800,20200918800
20200918799,20200918799
20200918798,20200918798
20200918797,20200918797
20200918796,20200918796
20200918795,20200918795
20200918794,20200918794
20200918793,20200918793
20200918792,20200918792
20200918791,20200918791
20200918790,20200918790
20200918789,20200918789
20200918788,20200918788
20200918787,20200918787
20200918786,20200918786
20200918785,20200918785
20200918784,20200918784
20200918783,20200918783
20200918782,20200918782
20200918781,20200918781
20200918780,20200918780
20200918779,20200918779
20200918778,20200918778
20200918777,20200918777
20200918776,20200918776
20200918775,20200918775
20200918774,20200918774
20200918773,20200918773
20200918772,20200918772
20200918771,20200918771
20200918770,20200918770
20200918769,20200918769
20200918768,20200918768
20200918767,20200918767
20200918766,20200918766
20200918765,20200918765
20200918764,20200918764
20200918763,20200918763
20200918762,20200918762
20200918761,20200918761
20200918760,20200918760
20200918759,20200918759
20200918758,20200918758
20200918757,20200918757
20200918756,20200918756
20200918755,20200918755
20200918754,20200918754
20200918753,20200918753
20200918752,20200918752
20200918751,20200918751
20200918750,20200918750
20200918749,20200918749
20200918748,20200918748
20200918747,20200918747
20200918746,20200918746
20200918745,20200918745
20200918744,20200918744
20200918743,20200918743
20200918742,20200918742
20200918741,20200918741
20200918740,20200918740
20200918739,20200918739
20200918738,20200918738
20200918737,20200918737
20200918736,20200918736
20200918735,20200918735
20200918734,20200918734
20200918733,20200918733
20200918732,20200918732
20200918731,20200918731
20200918730,20200918730
20200918729,20200918729
20200918728,20200918728
20200918727,20200918727
20200918726,20200918726
20200918725,20200918725
20200918724,20200918724
20200918723,20200918723
20200918722,20200918722
20200918721,20200918721
20200918720,20200918720
20200918719,20200918719
20200918718,20200918718
20200918717,20200918717
20200918716,20200918716
20200918715,20200918715
20200918714,20200918714
20200918713,20200918713
20200918712,20200918712
20200918711,20200918711
20200918710,20200918710
20200918709,20200918709
20200918708,20200918708
20200918707,20200918707
20200918706,20200918706
20200918705,20200918705
20200918704,20200918704
20200918703,20200918703
20200918702,20200918702
20200918701,20200918701
20200918700,20200918700
20200918699,20200918699
20200918698,20200918698
20200918697,20200918697
20200918696,20200918696
20200918695,20200918695
20200918694,20200918694
20200918693,20200918693
20200918692,20200918692
20200918691,20200918691
20200918690,20200918690
20200918689,20200918689
20200918688,20200918688
20200918687,20200918687
20200918686,20200918686
20200918685,20200918685
20200918684,20200918684
20200918683,20200918683
20200918682,20200918682
20200918681,20200918681
20200918680,20200918680
20200918679,20200918679
20200918678,20200918678
20200918677,20200918677
20200918676,20200918676
20200918675,20200918675
20200918674,20200918674
20200918673,20200918673
20200918672,20200918672
20200918671,20200918671
20200918670,20200918670
20200918669,20200918669
20200918668,20200918668
20200918667,20200918667
20200918666,20200918666
20200918665,20200918665
20200918664,20200918664
20200918663,20200918663
20200918662,20200918662
20200918661,20200918661
20200918660,20200918660
20200918659,20200918659
20200918658,20200918658
20200918657,20200918657
20200918656,20200918656
20200918655,20200918655
20200918654,20200918654
20200918653,20200918653
20200918652,20200918652
20200918651,20200918651
20200918650,20200918650
20200918649,20200918649
20200918648,20200918648
20200918647,20200918647
20200918646,20200918646
20200918645,20200918645
20200918644,20200918644
20200918643,20200918643
20200918642,20200918642
20200918641,20200918641
20200918640,20200918640
20200918639,20200918639
20200918638,20200918638
20200918637,20200918637
20200918636,20200918636
20200918635,20200918635
20200918634,20200918634
20200918633,20200918633
20200918632,20200918632
20200918631,20200918631
20200918630,20200918630
20200918629,20200918629
20200918628,20200918628
20200918627,20200918627
20200918626,20200918626
20200918625,20200918625
20200918624,20200918624
20200918623,20200918623
20200918622,20200918622
20200918621,20200918621
20200918620,20200918620
20200918619,20200918619
20200918618,20200918618
20200918617,20200918617
20200918616,20200918616
20200918615,20200918615
20200918614,20200918614
20200918613,20200918613
20200918612,20200918612
20200918611,20200918611
20200918610,20200918610
20200918609,20200918609
20200918608,20200918608
20200918607,20200918607
20200918606,20200918606
20200918605,20200918605
20200918604,20200918604
20200918603,20200918603
20200918602,20200918602
20200918601,20200918601
20200918600,20200918600
20200918599,20200918599
20200918598,20200918598
20200918597,20200918597
20200918596,20200918596
20200918595,20200918595
20200918594,20200918594
20200918593,20200918593
20200918592,20200918592
20200918591,20200918591
20200918590,20200918590
20200918589,20200918589
20200918588,20200918588
20200918587,20200918587
20200918586,20200918586
20200918585,20200918585
20200918584,20200918584
20200918583,20200918583
20200918582,20200918582
20200918581,20200918581
20200918580,20200918580
20200918579,20200918579
20200918578,20200918578
20200918577,20200918577
20200918576,20200918576
20200918575,20200918575
20200918574,20200918574
20200918573,20200918573
20200918572,20200918572
20200918571,20200918571
20200918570,20200918570
20200918569,20200918569
20200918568,20200918568
20200918567,20200918567
20200918566,20200918566
20200918565,20200918565
20200918564,20200918564
20200918563,20200918563
20200918562,20200918562
20200918561,20200918561
20200918560,20200918560
20200918559,20200918559
20200918558,20200918558
20200918557,20200918557
20200918556,20200918556
20200918555,20200918555
20200918554,20200918554
20200918553,20200918553
20200918552,20200918552
20200918551,20200918551
20200918550,20200918550
20200918549,20200918549
20200918548,20200918548
20200918547,20200918547
20200918546,20200918546
20200918545,20200918545
20200918544,20200918544
20200918543,20200918543
20200918542,20200918542
20200918541,20200918541
20200918540,20200918540
20200918539,20200918539
20200918538,20200918538
20200918537,20200918537
20200918536,20200918536
20200918535,20200918535
20200918534,20200918534
20200918533,20200918533
20200918532,20200918532
20200918531,20200918531
20200918530,20200918530
20200918529,20200918529
20200918528,20200918528
20200918527,20200918527
20200918526,20200918526
20200918525,20200918525
20200918524,20200918524
20200918523,20200918523
20200918522,20200918522
20200918521,20200918521
20200918520,20200918520
20200918519,20200918519
20200918518,20200918518
20200918517,20200918517
20200918516,20200918516
20200918515,20200918515
20200918514,20200918514
20200918513,20200918513
20200918512,20200918512
20200918511,20200918511
20200918510,20200918510
20200918509,20200918509
20200918508,20200918508
20200918507,20200918507
20200918506,20200918506
20200918505,20200918505
20200918504,20200918504
20200918503,20200918503
20200918502,20200918502
20200918501,20200918501
20200918500,20200918500
20200918499,20200918499
20200918498,20200918498
20200918497,20200918497
20200918496,20200918496
20200918495,20200918495
20200918494,20200918494
20200918493,20200918493
20200918492,20200918492
20200918491,20200918491
20200918490,20200918490
20200918489,20200918489
20200918488,20200918488
20200918487,20200918487
20200918486,20200918486
20200918485,20200918485
20200918484,20200918484
20200918483,20200918483
20200918482,20200918482
20200918481,20200918481
20200918480,20200918480
20200918479,20200918479
20200918478,20200918478
20200918477,20200918477
20200918476,20200918476
20200918475,20200918475
20200918474,20200918474
20200918473,20200918473
20200918472,20200918472
20200918471,20200918471
20200918470,20200918470
20200918469,20200918469
20200918468,20200918468
20200918467,20200918467
20200918466,20200918466
20200918465,20200918465
20200918464,20200918464
20200918463,20200918463
20200918462,20200918462
20200918461,20200918461
20200918460,20200918460
20200918459,20200918459
20200918458,20200918458
20200918457,20200918457
20200918456,20200918456
20200918455,20200918455
20200918454,20200918454
20200918453,20200918453
20200918452,20200918452
20200918451,20200918451
20200918450,20200918450
20200918449,20200918449
20200918448,20200918448
20200918447,20200918447
20200918446,20200918446
20200918445,20200918445
20200918444,20200918444
20200918443,20200918443
20200918442,20200918442
20200918441,20200918441
20200918440,20200918440
20200918439,20200918439
20200918438,20200918438
20200918437,20200918437
20200918436,20200918436
20200918435,20200918435
20200918434,20200918434
20200918433,20200918433
20200918432,20200918432
20200918431,20200918431
20200918430,20200918430
20200918429,20200918429
20200918428,20200918428
20200918427,20200918427
20200918426,20200918426
20200918425,20200918425
20200918424,20200918424
20200918423,20200918423
20200918422,20200918422
20200918421,20200918421
20200918420,20200918420
20200918419,20200918419
20200918418,20200918418
20200918417,20200918417
20200918416,20200918416
20200918415,20200918415
20200918414,20200918414
20200918413,20200918413
20200918412,20200918412
20200918411,20200918411
20200918410,20200918410
20200918409,20200918409
20200918408,20200918408
20200918407,20200918407
20200918406,20200918406
20200918405,20200918405
20200918404,20200918404
20200918403,20200918403
20200918402,20200918402
20200918401,20200918401
20200918400,20200918400
20200918399,20200918399
20200918398,20200918398
20200918397,20200918397
20200918396,20200918396
20200918395,20200918395
20200918394,20200918394
20200918393,20200918393
20200918392,20200918392
20200918391,20200918391
20200918390,20200918390
20200918389,20200918389
20200918388,20200918388
20200918387,20200918387
20200918386,20200918386
20200918385,20200918385
20200918384,20200918384
20200918383,20200918383
20200918382,20200918382
20200918381,20200918381
20200918380,20200918380
20200918379,20200918379
20200918378,20200918378
20200918377,20200918377
20200918376,20200918376
20200918375,20200918375
20200918374,20200918374
20200918373,20200918373
20200918372,20200918372
20200918371,20200918371
20200918370,20200918370
20200918369,20200918369
20200918368,20200918368
20200918367,20200918367
20200918366,20200918366
20200918365,20200918365
20200918364,20200918364
20200918363,20200918363
20200918362,20200918362
20200918361,20200918361
20200918360,20200918360
20200918359,20200918359
20200918358,20200918358
20200918357,20200918357
20200918356,20200918356
20200918355,20200918355
20200918354,20200918354
20200918353,20200918353
20200918352,20200918352
20200918351,20200918351
20200918350,20200918350
20200918349,20200918349
20200918348,20200918348
20200918347,20200918347
20200918346,20200918346
20200918345,20200918345
20200918344,20200918344
20200918343,20200918343
20200918342,20200918342
20200918341,20200918341
20200918340,20200918340
20200918339,20200918339
20200918338,20200918338
20200918337,20200918337
20200918336,20200918336
20200918335,20200918335
20200918334,20200918334
20200918333,20200918333
20200918332,20200918332
20200918331,20200918331
20200918330,20200918330
20200918329,20200918329
20200918328,20200918328
20200918327,20200918327
20200918326,20200918326
20200918325,20200918325
20200918324,20200918324
20200918323,20200918323
20200918322,20200918322
20200918321,20200918321
20200918320,20200918320
20200918319,20200918319
20200918318,20200918318
20200918317,20200918317
20200918316,20200918316
20200918315,20200918315
20200918314,20200918314
20200918313,20200918313
20200918312,20200918312
20200918311,20200918311
20200918310,20200918310
20200918309,20200918309
20200918308,20200918308
20200918307,20200918307
20200918306,20200918306
20200918305,20200918305
20200918304,20200918304
20200918303,20200918303
20200918302,20200918302
20200918301,20200918301
20200918300,20200918300
20200918299,20200918299
20200918298,20200918298
20200918297,20200918297
20200918296,20200918296
20200918295,20200918295
20200918294,20200918294
20200918293,20200918293
20200918292,20200918292
20200918291,20200918291
20200918290,20200918290
20200918289,20200918289
20200918288,20200918288
20200918287,20200918287
20200918286,20200918286
20200918285,20200918285
20200918284,20200918284
20200918283,20200918283
20200918282,20200918282
20200918281,20200918281
20200918280,20200918280
20200918279,20200918279
20200918278,20200918278
20200918277,20200918277
20200918276,20200918276
20200918275,20200918275
20200918274,20200918274
20200918273,20200918273
20200918272,20200918272
20200918271,20200918271
20200918270,20200918270
20200918269,20200918269
20200918268,20200918268
20200918267,20200918267
20200918266,20200918266
20200918265,20200918265
20200918264,20200918264
20200918263,20200918263
20200918262,20200918262
20200918261,20200918261
20200918260,20200918260
20200918259,20200918259
20200918258,20200918258
20200918257,20200918257
20200918256,20200918256
20200918255,20200918255
20200918254,20200918254
20200918253,20200918253
20200918252,20200918252
20200918251,20200918251
20200918250,20200918250
20200918249,20200918249
20200918248,20200918248
20200918247,20200918247
20200918246,20200918246
20200918245,20200918245
20200918244,20200918244
20200918243,20200918243
20200918242,20200918242
20200918241,20200918241
20200918240,20200918240
20200918239,20200918239
20200918238,20200918238
20200918237,20200918237
20200918236,20200918236
20200918235,20200918235
20200918234,20200918234
20200918233,20200918233
20200918232,20200918232
20200918231,20200918231
20200918230,20200918230
20200918229,20200918229
20200918228,20200918228
20200918227,20200918227
20200918226,20200918226
20200918225,20200918225
20200918224,20200918224
20200918223,20200918223
20200918222,20200918222
20200918221,20200918221
20200918220,20200918220
20200918219,20200918219
20200918218,20200918218
20200918217,20200918217
20200918216,20200918216
20200918215,20200918215
20200918214,20200918214
20200918213,20200918213
20200918212,20200918212
20200918211,20200918211
20200918210,20200918210
20200918209,20200918209
20200918208,20200918208
20200918207,20200918207
20200918206,20200918206
20200918205,20200918205
20200918204,20200918204
20200918203,20200918203
20200918202,20200918202
20200918201,20200918201
20200918200,20200918200
20200918199,20200918199
20200918198,20200918198
20200918197,20200918197
20200918196,20200918196
20200918195,20200918195
20200918194,20200918194
20200918193,20200918193
20200918192,20200918192
20200918191,20200918191
20200918190,20200918190
20200918189,20200918189
20200918188,20200918188
20200918187,20200918187
20200918186,20200918186
20200918185,20200918185
20200918184,20200918184
20200918183,20200918183
20200918182,20200918182
20200918181,20200918181
20200918180,20200918180
20200918179,20200918179
20200918178,20200918178
20200918177,20200918177
20200918176,20200918176
20200918175,20200918175
20200918174,20200918174
20200918173,20200918173
20200918172,20200918172
20200918171,20200918171
20200918170,20200918170
20200918169,20200918169
20200918168,20200918168
20200918167,20200918167
20200918166,20200918166
20200918165,20200918165
20200918164,20200918164
20200918163,20200918163
20200918162,20200918162
20200918161,20200918161
20200918160,20200918160
20200918159,20200918159
20200918158,20200918158
20200918157,20200918157
20200918156,20200918156
20200918155,20200918155
20200918154,20200918154
20200918153,20200918153
20200918152,20200918152
20200918151,20200918151
20200918150,20200918150
20200918149,20200918149
20200918148,20200918148
20200918147,20200918147
20200918146,20200918146
20200918145,20200918145
20200918144,20200918144
20200918143,20200918143
20200918142,20200918142
20200918141,20200918141
20200918140,20200918140
20200918139,20200918139
20200918138,20200918138
20200918137,20200918137
20200918136,20200918136
20200918135,20200918135
20200918134,20200918134
20200918133,20200918133
20200918132,20200918132
20200918131,20200918131
20200918130,20200918130
20200918129,20200918129
20200918128,20200918128
20200918127,20200918127
20200918126,20200918126
20200918125,20200918125
20200918124,20200918124
20200918123,20200918123
20200918122,20200918122
20200918121,20200918121
20200918120,20200918120
20200918119,20200918119
20200918118,20200918118
20200918117,20200918117
20200918116,20200918116
20200918115,20200918115
20200918114,20200918114
20200918113,20200918113
20200918112,20200918112
20200918111,20200918111
20200918110,20200918110
20200918109,20200918109
20200918108,20200918108
20200918107,20200918107
20200918106,20200918106
20200918105,20200918105
20200918104,20200918104
20200918103,20200918103
20200918102,20200918102
20200918101,20200918101
20200918100,20200918100
20200918099,20200918099
20200918098,20200918098
20200918097,20200918097
20200918096,20200918096
20200918095,20200918095
20200918094,20200918094
20200918093,20200918093
20200918092,20200918092
20200918091,20200918091
20200918090,20200918090
20200918089,20200918089
20200918088,20200918088
20200918087,20200918087
20200918086,20200918086
20200918085,20200918085
20200918084,20200918084
20200918083,20200918083
20200918082,20200918082
20200918081,20200918081
20200918080,20200918080
20200918079,20200918079
20200918078,20200918078
20200918077,20200918077
20200918076,20200918076
20200918075,20200918075
20200918074,20200918074
20200918073,20200918073
20200918072,20200918072
20200918071,20200918071
20200918070,20200918070
20200918069,20200918069
20200918068,20200918068
20200918067,20200918067
20200918066,20200918066
20200918065,20200918065
20200918064,20200918064
20200918063,20200918063
20200918062,20200918062
20200918061,20200918061
20200918060,20200918060
20200918059,20200918059
20200918058,20200918058
20200918057,20200918057
20200918056,20200918056
20200918055,20200918055
20200918054,20200918054
20200918053,20200918053
20200918052,20200918052
20200918051,20200918051
20200918050,20200918050
20200918049,20200918049
20200918048,20200918048
20200918047,20200918047
20200918046,20200918046
20200918045,20200918045
20200918044,20200918044
20200918043,20200918043
20200918042,20200918042
20200918041,20200918041
20200918040,20200918040
20200918039,20200918039
20200918038,20200918038
20200918037,20200918037
20200918036,20200918036
20200918035,20200918035
20200918034,20200918034
20200918033,20200918033
20200918032,20200918032
20200918031,20200918031
20200918030,20200918030
20200918029,20200918029
20200918028,20200918028
20200918027,20200918027
20200918026,20200918026
20200918025,20200918025
20200918024,20200918024
20200918023,20200918023
20200918022,20200918022
20200918021,20200918021
20200918020,20200918020
20200918019,20200918019
20200918018,20200918018
20200918017,20200918017
20200918016,20200918016
20200918015,20200918015
20200918014,20200918014
20200918013,20200918013
20200918012,20200918012
20200918011,20200918011
20200918010,20200918010
20200918009,20200918009
20200918008,20200918008
20200918007,20200918007
20200918006,20200918006
20200918005,20200918005
20200918004,20200918004
20200918003,20200918003
20200918002,20200918002
20200918001,20200918001
20200917003,20200917003
20200917002,20200917002
20200917001,20200917001
20200920009,20200920009
20200920008,20200920008
20200920007,20200920007
20200920006,20200920006
20200920005,20200920005
20200920004,20200920004
20200920003,20200920003
20200920002,20200920002
20200920001,20200920001